"names","values"
"itemid","781"
"event","Let's see if I can post here from my wonderful new phone :-)"
"eventtime","2011-01-15 15:37:00"
"current_moodid","56"
"url","http://loretine.livejournal.com/200110.html"
"userid","9161"
"itemid","776"
"event","SSdtIGp1c3QgbGlzdGVuaW5nIHRvIFBpZXRlciBOb290ZW4ncyBhbGJ1bSAiT3Vyc3BhY2UiLiBPbmUgb2YgbXkgbW9zdCBmYXZlIGRyZWFteSBhdG1vc3BoZXJpYyBhbGJ1bXMgZXZlci4gSnVzdCBsaWtlIGhpcyAiU2xlZXBzIFdpdGggVGhlIEZpc2hlcyIgZnJvbSAxOTg3IHdoaWNoIGhlIG1hZGUgd2l0aCBNaWNoYWVsIEJyb29rICh0aGUgYWxidW0gaXMgdmVyeSByYXJlLCBidXQgSSBoYXZlIHRoZSBvcmlnaW5hbCBjb3B5KS4gTG92ZWx5IHNvdW5kIG9uIGJvdGggdG9vLiANCg0KRnJvbSBoaXMgd2Vic2l0ZTogDQoNClJldmlld3Mg4oCYb3Vyc3BhY2XigJkNCg0KPGk+4oCYUGlldGVyIE5vb3RlbiBoYXMgcmV0dXJuZWQgZnJvbSBhIGxlbmd0aHkgaGlhdHVzIHRvIGRlbGl2ZXIgYSB3b3J0aHkgZm9sbG93LXVwIHRvIGhpcyAxOTg3IGNvbGxhYm9yYXRpb24gd2l0aCBNaWNoYWVsIEJyb29rLCAnU2xlZXBzIFdpdGggVGhlIEZpc2hlcycuIExlYXZpbmcgb3V0IHRoZSB2b2NhbHMgZm9yIG1vc3Qgb2YgdGhlIHJlY29yZCwgTm9vdGVuIGNvbmp1cmVzIHNtYXJ0IGF0bW9zcGhlcmljcyB0aGF0IGV2b2tlIGVtb3Rpb24gYW5kIGRyYW1hIHdpdGhvdXQgc291bmRpbmcgJ2RhcmsnLiBQaWV0ZXIgTm9vdGVuIGhhcyB0cmFuc2NlbmRlZCB0aGUgYW5vbnltaXR5IG9mIGhpcyBmb3JtZXIgYmFuZCBYeW1veCBhbmQgdmF1bHRlZCBpbnRvIHRoZSByZWFsbSBvZiBjb21wb3NlcnMgbGlrZSBCcmlhbiBFbm8gYW5kIFBldGVyIEdhYnJpZWwu4oCYIExlZSBSeWFuLCBJeG1hZS5jb208L2k+DQoNCg0KPGNlbnRlcj48aW1nIHNyYz0iaHR0cDovL2ltZzEzOC5pbWFnZXNoYWNrLnVzL2ltZzEzOC84NDQ1L3Bub2NvdmVyc3Z4NS5qcGciLz48L2NlbnRlcj4NCg0KDQpSZXZpZXdzIOKAmHNsZWVwcyB3aXRoIHRoZSBmaXNoZXPigJkNCg0KPGk+4oCYUGlldGVyIE5vb3RlbuKAmXMgIlNsZWVwcyBXaXRoIFRoZSBGaXNoZXMiIGlzIGFkZXB0IGF0IHRha2luZyB3aGF0IHNob3VsZCBiZSBtb3Jvc2UgbXVzaWMgYW5kIGNvbnZlcnRzIGl0IGludG8gc29tZXRoaW5nIHJlc3BsZW5kZW50LiBBbmQgaXQgbWFpbnRhaW5zIHRoYXQgc2FkLCBiZWF1dGlmdWwgc2Vuc2F0aW9uIHRocm91Z2hvdXQgaXRzIGxlbmd0aC4gTm90IHRvbyBtYW55IGFsYnVtcyBoYXZlIHN1Y2ggYSBwZXJmZWN0bHktcmVhbGl6ZWQgbW9vZCBhbmQgYXRtb3NwaGVyZSwgb25lIHRoYXQgZHJhd3MgeW91IGludG8gaXRzIGhhdW50aW5nIHdvcmxkIGFuZCBzdGF5cyB3aXRoIHlvdSBsb25nIGFmdGVyIHRoZSBsYXN0IHNvbmcgZW5kcy4gQnV0ICJTbGVlcHMgV2l0aCBUaGUgRmlzaGVzIiBpcyBqdXN0IHN1Y2ggYW4gYWxidW0uIEFuZCB0aG91Z2ggc29tZSBvZiBpdHMgY29udGVudCBkZWx2ZXMgaW50byB0aGUgR290aCBhbmQgYW1iaWVudCBnZW5yZXMsIGl0IGVhc2lseSBhdm9pZHMgdGhlIGZvcm1lcidzIHNlbGYtaW5kdWxnZW50IG1lbG9kcmFtYXRpY3MgYW5kIHRoZSBsYXR0ZXIncyB2YWN1b3VzbmVzcy7igJkgT3B1cy5jb208L2k+DQoNCjxpPuKAmEl0J3MgaGFyZCB0byBpbWFnaW5lIHRoaXMgY29sbGFib3JhdGlvbiBiZXR3ZWVuIFBpZXRlciBOb290ZW4gYW5kIGFtYmllbnQsIGV4cGVyaW1lbnRhbCBndWl0YXJpc3QgTWljaGFlbCBCcm9vayB3b3JraW5nIGFueSBiZXR0ZXLigKYg4oCYU2xlZXBzIFdpdGggdGhlIEZpc2hlcycgaXMgcXVpdGUgZGFyaywgYnV0IGl0J3MgZXF1YWxseSBiZWF1dGlmdWwgYW5kIHVwbGlmdGluZyBpbiB0aGUgc2FtZSBpbnN0YW5jZS4gTm9vdGVuIGFuZCBCcm9vayBhcmUgcmVzdHJhaW5lZCBpbiB0aGUgY3JlYXRpb24gb2YgdGhlaXIgbW9vZHkgYWVzdGhldGljLCBidXQgdGhlIHNvbmdzIGFyZSBhIGRlbGlnaHQgZnJvbSBzdGFydCB0byBmaW5pc2guIEl0J3MgYW1hemluZyB0aGF0IG1hdGVyaWFsIHRoYXQncyBzbyBjYWxtbHkgcGFjZWQgYW5kIGF0bW9zcGhlcmljIGlzIHNvIGVuam95YWJsZS4gU2xlZXBzIFdpdGggdGhlIEZpc2hlcyBjb3VsZCBub3QgYmUgYSBtb3JlIHBlcmZlY3QgZGFyayBhbWJpZW50LCBleHBlcmltZW50YWwgYWxidW0uIEl0J3MgZXNzZW50aWFsIGxpc3RlbmluZyBmb3IgZmFucyBvZiA0QUQsIGFtYmllbnQgbXVzaWMsIG1pbmltYWxpc20sIGV4cGVyaW1lbnRhbCBlbGVjdHJvbmljIG11c2ljLCBhbmQgbW9yb3NlIHRoZW1lcyBhbGlrZS4gVGhpcyBhbGJ1bSBpcyBhbiBvdmVybG9va2VkIG1hc3RlcnBpZWNlLuKAmSBUaW0gRGlHcmF2aW5hICwgQU1HPC9pPg0KDQoNCjxjZW50ZXI+PGltZyBzcmM9Imh0dHA6Ly9zdGF0aWMucmF0ZXlvdXJtdXNpYy5jb20vYWxidW1faW1hZ2VzL3MyNDE5OC5qcGciLz48L2NlbnRlcj4="
"eventtime","2010-08-17 14:16:00"
"current_moodid","25"
"url","http://loretine.livejournal.com/198667.html"
"userid","9161"
"itemid","775"
"event","Does anyone know who painted this picture? I love it, but can't read the signature.


<center><img src=""http://pictureup.cz/picture/verejny/385385vjr.jpg""/></center>"
"eventtime","2010-08-16 09:48:00"
"current_moodid","101"
"url","http://loretine.livejournal.com/198461.html"
"userid","9161"
"itemid","772"
"event","SSBwcm9taXNlZCB0byB3cml0ZSBhbiBlbnRyeSBhYm91dCBtdXNpYyBzb21lIHRpbWUgYWdvLCBzbyBoZXJlJ3MgYSBicmllZiBvdmVydmlldyBvZiB3aGF0IGludGVyZXN0aW5nIGV2ZW50cyBoYXBwZW5lZCBvciBhcmUgYWJvdXQgdG8gaGFwcGVuIGhlcmUgYW5kIHdoYXQgZ29vZCBtdXNpYyBJIGRpc2NvdmVyZWQgcmVjZW50bHkuDQoNCkl0IGlzIG5pY2UgdGhhdCB3ZSBjYW4gZW5qb3kgYSBsb3Qgb2YgY29uY2VydHMgb2YgZ29vZCBiYW5kcy9hcnRpc3RzIGhlcmUgdGhpcyB5ZWFyLiBQaXR5IEkgZG9uJ3QgbGl2ZSBpbiBQcmFndWUgYW55IGxvbmdlciwgSSB3b3VsZCBkZWZpbml0ZWx5IGF0dGVuZCBldmVyeXRoaW5nLCBpZiBJIHN0aWxsIGxpdmVkIHRoZXJlLiAgICANCg0KSW4gTWFyY2ggSSB3YW50ZWQgdG8gZ28gdG8gQnJhdGlzbGF2YSAodGhlIGNpdHkgaXMgbm8gbW9yZSB0aGFuIDMgaG91cnMgZHJpdmUgZnJvbSB3aGVyZSBJIGxpdmUpIHRvIHNlZSBOaXR6ZXIgRWJiIG9uIHRoZWlyICJJbmR1c3RyaWFsIENvbXBsZXggVG91ciIuIEkgd2FzIHRyeWluZyB0byBmaW5kIHNvbWUgcGVvcGxlIG9uIHRoZSBuZXQgd2hvIGNvdWxkIHRha2UgbWUgdGhlcmUgYnkgY2FyLCBmb3VuZCBvbmUgZnJpZW5kIHdobyB3YXMgZ29pbmcsIGJ1dCBoaXMgZHJpdmVyIGRpZCBub3Qgd2FudCB0byB0YWtlIGEgc21hbGwgZGV0b3VyLCBzbyB0aGV5IGRpZG4ndCBjb21lIHRvIHBpY2sgbWUgdXAgaW4gdGhlIGVuZC4gU2lnaC4NClNwZWFraW5nIG9mIE5pdHplciBFYmIsIHRoZWlyIGxhdGVzdCBhbGJ1bSBpcyBhYnNvbHV0ZWx5IGdyZWF0ISBUaGV5IG1hZGUgYSBuZXcgYWxidW0gYWZ0ZXIgMTUgeWVhcnMgKCEpIGFuZCBpdCBpbW1lZGlhdGVseSBoaXQgdGhlIHRvcCBvZiBHZXJtYW4gYWx0ZXJuYXRpdmUgY2hhcnRzISBJIHJlYWQgdGhleSBldmVuIHJlbGVhc2VkIGEgbGltaXRlZCBlZGl0aW9uIG9mIGl0IG9uIGEgdmlueWwgOi1vIFdobyBzYXlzIHRoYXQgcmVsZWFzaW5nIHBoeXNpY2FsIHJlY29yZHMgZG9lcyBub3QgaGF2ZSBtdWNoIHNlbnNlIG5vd2FkYXlzPyANCk5pdHplciBFYmIgYXJlIGRlZmluaXRlbHkgdGhlIGJlc3QgcHVyZSBFQk0gYmFuZCByZWNlbnRseSwgYmVjYXVzZSB0aGV5IGtpY2sgYXNzLiANCg0KVGhlIFlvdW5nIEdvZHMgY2FtZSB0byBvdXIgY291bnRyeSBhZ2FpbiB0aGlzIHNwcmluZyAoYXMgdGhleSBjb21lIGV2ZXJ5IHllYXIpLCBhZ2FpbiB3aXRoIHRoZWlyIGFjb3VzdGljIHRvdXIuIFBsYXllZCBpbiBQcmFndWUgYW5kIG9uZSBvdGhlciB0b3duIGluIHRoZSBXZXN0LCBub3doZXJlIG5lYXIgd2hlcmUgSSBsaXZlIHVuZm9ydHVuYXRlbHkuIFNvIEkgbWlzc2VkIHRoZW0gb3V0IHRoaXMgdGltZSA6LS8gIA0KDQpUaGVyZSB3YXMgQnJlbmRhbiBQZXJyeSBpbiBQcmFndWUgdG9vIHdob3NlIG5ldyBhbGJ1bSAiQXJrIiBpcyB2ZXJ5IHZlcnkgZ29vZCwgZXNwZWNpYWxseSBmb3IgcmVsYXhhdGlvbi4gSGUgaXMgY29taW5nIGJhY2sgdG8gcGxheSBoZXJlIGF0IGEgc3VtbWVyIGZlc3RpdmFsLCBzbyB0aGVyZSB3aWxsIGJlIGFub3RoZXIgY2hhbmNlIHRvIHNlZSBoaW0g4oCTIEkga25vdyBteSBicm90aGVyIHdvdWxkIHJlYWxseSBsb3ZlIHRvIGdvLg0KDQpUaGUgYWlyIGhvc3Rlc3MgZnJvbSBDbGllbnQgZGlkIG5vdCBnZXQgdG8gUHJhZ3VlIGluIEFwcmlsIGFzIHdhcyBwbGFubmVkLCBzaW5jZSwgd2VsbCwgbm8gcGxhbmVzIHdlcmUgZmx5aW5nLiBIb3cgaXJvbmljLiAgICAgDQoNCldoYXQgbXkgYnJvdGhlciAmIEkgZGlkIHNlZSBpbiBQcmFndWUgd2VyZSBDb21iaWNocmlzdCBhbmQgdGhlIG90aGVyIHRpbWUgSW4gU3RyaWN0IENvbmZpZGVuY2Ugd2l0aCBSYWJpYSBTb3JkYSAoYSBzaWRlIHByb2plY3Qgb2YgSG9jaWNvKS4gSSdtIG5vdCBhIGJpZyBmYW4gb2YgZWl0aGVyIG9mIHRoZSBiYW5kcyB0byBiZSBob25lc3QsIGJ1dCBteSBicm90aGVyIGlzIGFuZCBoZSBsaWtlZCB0aGUgc2hvd3MgYSBsb3QuIFdlIGhhZCB0byBzdGF5IGluIFByYWd1ZSBvdmVybmlnaHQgYXQgYm90aCBvY2Nhc2lvbnMsIHNpbmNlIHRoZXJlIHdlIDIgb3IgMyBzdXBwb3J0IGJhbmRzIHBsYXlpbmcgZWFjaCBldmVuaW5nLCBzbyBpdCB3b3VsZG4ndCBoYXZlIGJlZW4gc2FmZSB0byBkcml2ZSBuZWFybHkgNCBob3VycyBiYWNrIGhvbWUgbGF0ZSBhdCBuaWdodC4gDQpJdCBpcyBzdGlsbCBmdW4gdG8gZ28gc2hvcHBpbmcgZm9yIHJlY29yZHMgd2l0aCBteSBicm8gZWFjaCB0aW1lIHdlIGFyZSBpbiBQcmFndWUuIExhc3QgdGltZSBJIGV2ZW4gaGFkIHRvIGxlbmQgaGltIHNvbWUgbW9uZXkgYW5kIGRpZG4ndCBnZXQgYW55dGhpbmcgZm9yIG15c2VsZiwgYnV0IEknbSBhbHdheXMgd2lsbGluZyB0byBsZW5kIGhpbSBtb25leSwgaWYgcmVjb3JkcyBhcmUgdG8gYmUgYm91Z2h0IDotKSANCg0KU2NoZWR1bGVkIGZvciBuZXh0IG1vbnRocyBhcmUgdGhlIGdpZ3Mgb2YgRnJvbnQgTGluZSBBc3NlbWJseSBhdCB0aGUgZW5kIG9mIEp1bHkgJiBTa2lubnkgUHVwcHkgMyB3ZWVrcyBhZnRlciB0aGVtLiBJdCdzIHZlcnkgbGlrZWx5IHdlIHdpbGwgZ28gc2VlIGJvdGguIA0KQW5kIEkgc28gd2lzaCB3ZSBjb3VsZCBoYXZlIFRoZSBDYXNzYW5kcmEgQ29tcGxleCBoZXJlIHRvbyBzb21ldGltZSBhZ2FpbiBhZnRlciBtYW55IG1hbnkgeWVhcnMsIGhpbnQgaGludCA7LSkgIA0KDQpPb29oLCBhbmQgd2UgbWlzc2VkIFdHVCB0aGlzIHllYXIsIHNvIEkgaGF2ZSBubyBwaWN0dXJlcyBvZiBtYWQgcGVvcGxlIGRyZXNzZWQgaW4gYmVhdXRpZnVsIG9yIGZ1bm55IGNvc3R1bWVzIHRvIHNob3cgeW91LiBUaGUgbWFpbiByZWFzb24gZm9yIG5vdCBnb2luZyB0aGlzIHRpbWUgd2FzIHRoZSBmYWN0IHRoYXQgdGhlcmUgd2FzIG5vbmUgb3V0IG9mIDIwMCBwZXJmb3JtaW5nIGJhbmRzIHRoYXQgSSB3b3VsZCBiZSBleGNpdGVkIGVub3VnaCB0byBzZWUuIFdlbGwsIGF0IGxlYXN0IEkgc2F2ZWQgMzUwIOKCrCwgdGhlIHVzdWFsIGFtb3VudCBvZiBtb25leSBJIHRha2UgZm9yIHRoZSBmZXN0LCBpLmUuIDIwMCBmb3IgdGhlIHRpY2tlZCAmIGFjY29tbW9kYXRpb24gYW5kIHRoZSByZXN0IGZvciBDRCdzIGFuZCBvdGhlciBzdHVmZi4gTmV4dCB5ZWFyIGl0IHdpbGwgYmUgdGhlIDIwdGggV0dULCBzbyBJJ20gcHJldHR5IHN1cmUgSSB3aWxsIGdvIGFnYWluIG5vIG1hdHRlciB3aGF0Lg0KDQoNCkFzIGZvciBuZXcgbXVzaWMsIEkgdGhpbmsgSSd2ZSBzYWlkIGl0IGJlZm9yZSwgYnV0IEkgZmluZCBpdCBtb3JlIGFuZCBtb3JlIGRpZmZpY3VsdCB0byBmaW5kIG9yaWdpbmFsICYgdGFsZW50ZWQgYXJ0aXN0cyBpbiB0aGUgImRhcmsgbXVzaWMiIHNjZW5lIG5vd2FkYXlzLiBJIGhhdmVuJ3QgYmVlbiBmb2xsb3dpbmcgaXQgbXVjaCwgc2luY2UgSSBrbm93IHRoZXJlIGFyZSB0b25zIG9mIG5ldyBHZXJtYW4gYmFuZHMgdGhlcmUgdGhhdCBhcmUgdHJ5aW5nIHRvIHNvdW5kIGxpa2UgYW55IG1vcmUgcG9wdWxhciBiYW5kcywgYnV0IGFyZSBmYWlsaW5nIGFueXdheSBhbmQgc291bmQgYm9yaW5nLiBTbyBJIGhhcmRseSBldmVyIGRvd25sb2FkIGFueXRoaW5nIGZyb20gdGhlIG5ldCwgd2hpbGUgbXkgYnJvdGhlciBkb2VzIHZlcnkgb2Z0ZW4sIHNvIGhlIGFsd2F5cyB0ZWxscyBtZSBpZiBoZSBmaW5kcyBhbnl0aGluZyByZWFsbHkgZ29vZC4gSGUgZHJpdmVzIGFyb3VuZCBhIGxvdCBpbiBoaXMgam9iIGFuZCBpcyBsaXN0ZW5pbmcgdG8gbXVzaWMgd2hpbGUgaGUgaXMgZHJpdmluZywgc28gSSBvZnRlbiBkaXNjb3ZlciBuZXcgYmFuZHMgd2hpbGUgSSdtIGdvaW5nIHNvbWV3aGVyZSB3aXRoIGhpbS4gICAgICAgIA0KDQpUaGUgbGF0ZXN0IGFsYnVtIGJ5IEdvbGRmcmFwcCAiSGVhZCBGaXJzdCIgaXMgZXhjZWxsZW50LiBJIGxpa2UgaXQgbW9yZSB0aGFuIHRoZSBwcmV2aW91cyBvbmUsIHNpbmNlIGl0IGlzIG1vcmUgZWxlY3Ryb25pYywgYWx0aG91Z2ggeW91IGNhbiBuZXZlciBiZSBkaXNhcHBvaW50ZWQgbm8gbWF0dGVyIHdoYXQgeW91IGhlYXIgZnJvbSB0aGVtLiBJIHN0aWxsIGhhdmVuJ3QgYm91Z2h0IHRoZSBvcmlnaW5hbCBjb3B5IG9mIGl0LCBidXQgd2lsbCBkZWZpbml0ZWx5IGRvIHNvb24uIA0KDQpBIGNvdXBsZSBvZiBlbGVjdHJvIGJhbmRzIHdobyByZW1pbmQgbWUgb2YgbXkgZmF2ZSBiYW5kcyBjYXVnaHQgbXkgYXR0ZW50aW9uIGluIHRoZSBwYXN0IG1vbnRoczogU3dlZGlzaCA8YSBocmVmPSJodHRwOi8vd3d3Lm15c3BhY2UuY29tL2F1dG9kYWZlaG11c2ljIj5BdXRvZGFmZWg8L2E+IHdobyBzb3VuZCB2ZXJ5IG11Y2ggbGlrZSBGcm9udCAyNDIuIEFnYWluLCBub3QgdmVyeSBvcmlnaW5hbCwgYnV0IHRoZXkgYXJlIG9rIChhbmQgRGFuaWVsIEIuIGV2ZW4gZGlkIGEgcmVtaXggZm9yIHRoZW0sIGhlaCkuIA0KICANCkFub3RoZXIgb25lIGlzIDxhIGhyZWY9Imh0dHA6Ly93d3cubXlzcGFjZS5jb20vbWVrYW5pa2Rpc29yZGVyIj5NZWthbmlrIERpc29yZGVyPC9hPiBmcm9tIFNwYWluIHdobyBhcmUgaGVhdmlseSBpbmZsdWVuY2VkIGJ5IERBRiBhbmQgQWJzb2x1dGUgQm9keSBDb250cm9sLiAgDQoNCkhvd2V2ZXIsIHRoZSBiZXN0IG11c2ljIGRpc2NvdmVyeSBvZiBtaW5lIGlzIGZyb20gSXRhbHkgYW5kIGlzIGNhbGxlZCA8YSBocmVmPSJodHRwOi8vd3d3LnR5aW5ndGlmZmFueS5jb20vIj5UeWluZyBUaWZmYW55PC9hPi4gVGhlaXIgbmV3IGFsYnVtICJQZW9wbGVzIFRlbXBsZSIgaXMgYSBncmVhdCBjb21iaW5hdGlvbiBvZiBnb3RoaWMgcm9jaywgcHVuaywgYW5kIGVsZWN0cm9jbGFzaCBhbmQgc291bmRzIGJvdGggcmV0cm8gJiBtb2Rlcm4uIEdyZWF0IG11c2ljIGFuZCBleGNlbGxlbnQgZmVtYWxlIHNpbmdlciAoYW5kIHZlcnkgc2V4eSBvbmUgdG9vKS4gWW91IGNhbiBsaXN0ZW4gdG8gdGhlIGFsYnVtIG9uIHRoZSB3ZWJzaXRlIG9mIHRoZSBJdGFsaWFuIGVkaXRpb24gb2YgUm9sbGluZyBTdG9uZSBtYWdhemluZSA8YSBocmVmPSJodHRwOi8vd3d3LnJvbGxpbmdzdG9uZW1hZ2F6aW5lLml0L211c2ljYS90eWluZy10aWZmYW55LWFzY29sdGEtaW4tZXNjbHVzaXZhLWlsLW51b3ZvLWFsYnVtLXBlb3BsZXMtdGVtcGxlIj5oZXJlPC9hPi4gTXVzdCBoYXZlIGFuIG9yaWdpbmFsIGNvcHkhIA0KDQpJJ20gYWJvdXQgdG8gb3JkZXIgYSB0aWNrZXQgZm9yIHRoaXMgc3VtbWVyIENhc3RsZSBQYXJ0eSBmZXN0aXZhbCBpbiBQb2xhbmQuIExvb2tpbmcgZm9yd2FyZCB0byB0aGUgZXZlbnQgdmVyeSBtdWNoIChuZXZlciBiZWVuIHRoZXJlIGJlZm9yZSksIGV2ZW4gdGhvdWdoIEkgd2lsbCBoYXZlIHRvIGJlIGNhbXBpbmcgdGhlcmUsIGJ1dCBzaW5jZSB0aGUgY2FtcHNpdGUgaGFzIGEgc3dpbW1pbmcgcG9vbCwgaXQgc2hvdWxkbid0IGJlIHRoYXQgYmFkIDotKSBTbyBsZXQncyBob3BlIHRoZSB3ZWF0aGVyIHdpbGwgYmUgbmljZSEgTWlnaHQgYmUgbXkgb25seSBob2xpZGF5IHRoaXMgeWVhci4="
"eventtime","2010-06-03 14:32:00"
"current_moodid","101"
"url","http://loretine.livejournal.com/197637.html"
"userid","9161"
"itemid","767"
"event","I saw this video somewhere on FB and thought it was a brilliant idea.

Piano stairs

<lj-embed id=""5""/>


""The world's deepest bin"" or ""Bottle bank arcade"" aren't bad either. 

http://www.youtube.com/watch?v=zSiHjMU-MUo&feature=related

Because we all like to play sometimes, don't we?"
"eventtime","2010-02-03 13:38:00"
"current_moodid","44"
"url","http://loretine.livejournal.com/196575.html"
"userid","9161"
"itemid","764"
"event","<center>By Steven Meisel


<img src=""http://i18.photobucket.com/albums/b114/loretine/meisel.jpg""/>

<lj-cut text=""More"">
<img src=""http://i18.photobucket.com/albums/b114/loretine/meisel2.jpg""/>


<img src=""http://i18.photobucket.com/albums/b114/loretine/meisel3.jpg""/>


<img src=""http://i18.photobucket.com/albums/b114/loretine/meisel4.jpg""/></lj-cut></center>"
"eventtime","2009-12-28 11:53:00"
"url","http://loretine.livejournal.com/195606.html"
"userid","9161"
"itemid","762"
"event","Although nobody in this country dresses up in scary costumes on Halloween and instead everyone is coming to graveyards to lit candles on their family graves, I thought that getting some treats would be nice anyway ;-) 


<center><table border=""0"" style=""border: 1px black solid; width: 90%""><tr><th><a href=""http://www.corknut.org/toys/trickortreat/"">My LiveJournal Trick-or-Treat Haul</a></th></tr><tr><td style=""border-bottom: 1px black dotted"">loretine goes trick-or-treating, dressed up as a Ritualist (wearing her snuggly and warm Norn armour).</td></tr><tr><td style=""border-bottom: 1px orange solid""><a href=""http://www.livejournal.com/users/acidofil/"">acidofil</a> gives you 8 softly glowing watermelon-flavoured gumdrops.</td></tr><tr><td style=""border-bottom: 1px orange solid""><a href=""http://www.livejournal.com/users/alexplanet/"">alexplanet</a> tricks you! You get a piece of paper.</td></tr><tr><td style=""border-bottom: 1px orange solid""><a href=""http://www.livejournal.com/users/guitarlawman/"">guitarlawman</a> gives you 5 yellow pineapple-flavoured gumdrops.</td></tr><tr><td style=""border-bottom: 1px orange solid""><a href=""http://www.livejournal.com/users/kilmoon/"">kilmoon</a> gives you 2 softly glowing strawberry-flavoured wafers.</td></tr><tr><td style=""border-bottom: 1px orange solid""><a href=""http://www.livejournal.com/users/locke_fox/"">locke_fox</a> tricks you! You get a rock.</td></tr><tr><td style=""border-bottom: 1px orange solid""><a href=""http://www.livejournal.com/users/osymandus/"">osymandus</a> tricks you! You lose 1 pieces of candy!</td></tr><tr><td style=""border-bottom: 1px orange solid""><a href=""http://www.livejournal.com/users/rodneyorpheus/"">rodneyorpheus</a> gives you 17 teal banana-flavoured pieces of bubblegum.</td></tr><tr><td style=""border-bottom: 1px orange solid""><a href=""http://www.livejournal.com/users/sepheri/"">sepheri</a> gives you 15 dark blue pineapple-flavoured gumdrops.</td></tr><tr><td style=""border-bottom: 1px black dotted"">loretine ends up with 46 pieces of candy, a piece of paper, and a rock.</td></tr><form action=""http://www.corknut.org/toys/trickortreat/index.cgi"" method=""post""><tr><td style=""text-align: center"">Go trick-or-treating! Username: <input type=""text"" name=""username"" size=""10""><input type=""submit"" value=""Let's Go!""></td></tr></form><tr><td style=""font-size: xx-small; text-align: center"">Another fun meme brought to you by <a href=""http://www.livejournal.com/users/rfreebern/""><b>rfreebern</b></a>.</td></tr></table></center>"
"eventtime","2009-10-31 18:20:00"
"current_moodid","132"
"url","http://loretine.livejournal.com/195210.html"
"userid","9161"
"itemid","761"
"event","I'm always impressed to hear that a friend of mine is having a book published that they have written or translated. I recently bought and am currently reading a book of Japanese folk fairy tales and legends that have been selected and translated by a dear friend of mine, <lj user=""kilmoon"">. 


<center><img src=""http://i18.photobucket.com/albums/b114/loretine/IMG_2525.jpg""/></center>


Well done! I got one of the fairy tales already a couple of years ago with hand drawn illustrations and bound in red covers. Definitely one of the most original presents I've been given :-)"
"eventtime","2009-09-29 13:24:00"
"current_moodid","116"
"url","http://loretine.livejournal.com/195011.html"
"userid","9161"
"itemid","760"
"event","<lj-template name=""qotd"" id=""1083"" lang=""en_LJ"" />

<img src=""http://i.realone.com/assets/rn/cms/2004/large/Kraftwerk2_Coachella2004_lg.6053673.jpg""/>

In Prague 5 years ago. The best show I have ever seen! From the first row.

Is there anything better?"
"eventtime","2009-09-29 12:45:00"
"current_moodid","60"
"url","http://loretine.livejournal.com/194569.html"
"userid","9161"
"itemid","758"
"event","TXkgc3VtbWVyIHRyaXAgdG8gUHJhZ3VlIGhhcyBiZWVuIHRlbnRhdGl2ZWx5IHNjaGVkdWxlZCBmb3IgdGhlIGZpcnN0IHdlZWtlbmQgaW4gQXVndXN0IChkZXBlbmRzIGlmIG15IGZyaWVuZCBpcyBmcmVlLCBidXQgaXQgbG9va3Mgc2hlIHNob3VsZCBiZSkuDQogDQpBcyBib3RoIG15IGZyaWVuZCAmIG1lIGxpa2UgZG9pbmcgc2lnaHRzZWVpbmcsIHdlIHdpbGwgc3VyZWx5IHZpc2l0IHNvbWUgbmljZSBhbmQgaW50ZXJlc3RpbmcgcGxhY2VzLiBBIGZldyBzdWdnZXN0aW9ucyBoYXZlIGFscmVhZHkgYmVlbiBtYWRlLCBub3RoaW5nIGRlZmluaXRlIHBsYW5uZWQgeWV0LiBIb3dldmVyLCB0aGVyZSBhcmUgbWFueSBnb29kIGNob2ljZXMgaW4gdGhlIGNpdHkgYW5kIEkga25vdyB0aGF0IG5vIG1hdHRlciB3aGVyZSB3ZSBnbywgSSB3aWxsIGJlIGltcHJlc3NlZCBlbm91Z2guDQoNCldoaWxlIHRoaW5raW5nIGFib3V0IGl0LCBJIHJlYWxpemVkIHRoYXQgSSBoYXZlIG5ldmVyIGJlZW4gdG8gdGhlIGFtYXppbmcgMTZ0aCBjZW50dXJ5IFN0YXIgU3VtbWVyIFBhbGFjZSB3aGlsZSBJIGxpdmVkIGluIFByYWd1ZS4gSG93IG9kZCEgVGhlIHBhbGFjZSBpcyBsb2NhdGVkIGEgYml0IGZhcnRoZXIgZnJvbSB0aGUgY2VudHJlLCBzbyBJIG11c3QgaGF2ZSBmb3Jnb3R0ZW4gYWJvdXQgaXQuIEV2ZW4gdGhvdWdoIG9uY2UgSSB3YWxrZWQgc29tZXdoZXJlIG5lYXJlciB0aGUgcGxhY2UgYW5kIHNwb3R0ZWQgaXQgaGlkaW5nIGFtb25nIHRoZSB0cmVlcyBvbiB0b3Agb2YgdGhlIGhpbGwuICAgICANCg0KDQo8Y2VudGVyPjxpbWcgc3JjPSJodHRwOi8vaS5wb3N0Y2FyZC5jei9wYy9uMzUvaWYtMDM1NDAuanBnIi8+PC9jZW50ZXI+DQoNCkRlZmluaXRlbHkgYSBtdXN0LXNlZSBvbiBteSB0cmlwISBSZWFkIGJlbG93IGhvdyB2ZXJ5IGNvb2wgaXQgaXM6DQoNCjxpPiJGcm9tIHRoZSBwbGFucyBpdCBmb2xsb3dzIHRoYXQgdGhlIEFyY2hkdWtlIEZlcmRpbmFuZCBvZiBUeXJvbCBiYXNlZCB0aGUgZGVzaWduIG9mIHRoZSBidWlsZGluZyBvbiB0aGUgZ3JvdW5kIHBsYW4gb2YgdGhlIHNvLWNhbGxlZCBTdGFyIG9mIFNvbG9tb24sIHRoZSBtYWdpYyBpbWFnZSBvZiB0d28gaW50ZXJzZWN0aW5nIGVxdWlsYXRlcmFsIHRyaWFuZ2xlcy4gSW4gaXRzIHRvdGFsaXR5IHRoZSBpbWFnZSBleHByZXNzZWQgdGhlIHBlcmZlY3QgY291cGxpbmcgb2YgdGhlIGZvdXIgZWxlbWVudHMuIFVuZG91YnRlZGx5LCB0aGUgYnVpbGRpbmcgd2FzIGFuIGV4cHJlc3Npb24gb2YgYm90aCBhIEhlcm1ldGljYWxseSBjb25jZWl2ZWQgYW5hbG9neSwgaW4gd2hpY2ggYW4gZWxlbWVudCAoc3RhcikgcmVwcmVzZW50cyB0aGUgd2hvbGUgKGNvc21vcyksIGFuZCBhIHN5bmNyZXRpc20gaW50ZXJjb25uZWN0aW5nIGluZGl2aWR1YWwgYnJhbmNoZXMgb2YgdHJhZGl0aW9uYWwgc2NpZW5jZXMsIHN1Y2ggYXMgYXN0cm9sb2d5IGFuZCBhbGNoZW15LCB3aXRoIHRoZSBteXRob2xvZ2ljYWwgY29uY2VwdHMgb2YgdGhlIGlkZWFzIG9mIHRoZSBwYW50aGVvbiBvZiB0aGUgQW50aXF1aXR5LiIgDQoNCi0tDQrigJxUaGUgU3RhcidzIHRocmVlIGFib3ZlZ3JvdW5kIGxldmVscyBhbmQgdGhlIG9uZSBpbiB0aGUgdW5kZXJncm91bmQgY2FuIGhlIHVuZGVyc3Rvb2QgYXMgYW4gZWNobyBvZiB0aGUgZm91ciB0cmFkaXRpb25hbCBlbGVtZW50cyBvZiB0aGUgYW5jaWVudCBsYWJvcmF0b3JpZXPigJRhcyBpcyBhbHJlYWR5IGV4cHJlc3NlZCBieSB0aGUgZ3JvdW5kIHBsYW4gaXRzZWxmLiBUaGUgZWxlbWVudCBvZiB0aGUgRWFydGggKMKlKSBjb3JyZXNwb25kcyB0byB0aGUgdW5kZXJncm91bmQgbGFieXJpbnRoOyB0aGUgbW90aWZzIGJlbG9uZ2luZyB0byB0aGUgZWxlbWVudCBvZiBXYXRlciAoVikgYXJlIHByZXBvbmRlcmFudCBpbiB0aGUgY2hhbmdlYWJsZSBhbmQgbXVsdGlmYWNldGVkIGRlY29yYXRpb25zIG9mIHRoZSBncm91bmQgZmxvb3I7IHRoZSBzZWNvbmQgZmxvb3IgaXMgZGVkaWNhdGVkIHRvIEFpciAoQSk7IGFuZCwgZmluYWxseSwgdGhlIGxhcmdlIGhhbGwgb2YgdGhlIHRoaXJkIGZsb29yLCBvdmVyIHRoZSBjZWlsaW5nIG9mIHdoaWNoIHRvd2VycyB0aGUgcHlyYW1pZHMgc3BpcmUgb2YgdGhlIHJvb2YsIGNvcnJlc3BvbmRzIHRvIEZpcmUgKEEpLiBJbmRpdmlkdWFsIGxldmVscyBpbiB0aGUgYnVpbGRpbmcgYWxzbyByZXByZXNlbnQgdGhlIGdyb3VwIG9mIGZvdXIgY2hhcmFjdGVyaXN0aWMgcGhhc2VzLCB0aHJvdWdoIHdoaWNoIHRoZSBzcGlyaXR1YWxpemluZyBtYXR0ZXIgZ3JhZHVhbGx5IHBhc3NlcyBpbiB0aGUgY291cnNlIG9mIHRoZSBPcHVzIE1hZ251bS4gQWNjb3JkaW5nbHksIGJsYWNrIGdvZXMgd2l0aCB0aGUgdW5kZXJncm91bmQsIGFzIGl0IGlzIHRoZSBwbGFjZSBvZiB0aGUgaW5pdGlhdGlvbiBhbmQgc3ltYm9saWNhbCBkZWF0aC4gT24gdGhlIGdyb3VuZCBmbG9vciwgdGhlIGFsYWJhc3RlciBzdHVjY28gZGlyZWN0bHkgaW5zaW51YXRlcyB0aGUgc3RhdGUgb2YgdGhlIHNvLWNhbGxlZCBhbGJlZG8sIHRoZSBhdHRhaW5tZW50IG9mIHRoZSBQaGlsb3NvcGhlcnMnICcnd2hpdGUgc3RvbmUu4oCdIE5vIHJlY29yZHMgY29uY2VybmluZyB0aGUgb3JpZ2luYWwgY29sb3VycyBvZiB0aGUgb3RoZXIgdHdvIGZsb29ycyBoYXZlIHN1cnZpdmVkLiBIb3dldmVyLCBhY2NvcmRpbmcgdG8gdHJhZGl0aW9uYWwgc3ltYm9saXNtLCBsZW1vbiB5ZWxsb3cgd291bGQgY29ycmVzcG9uZCB0byB0aGUgc2Vjb25kIGZsb29yLCBhbmQgdGhlIHB1cnBsZSBvZiByb3lhbCBwb3dlciwgdGhlIGNvbG91ciBvZiB0aGUgUGhpbG9zb3BoZXJzJyBTdG9uZSwgb3IgdGhlIHByZXZhaWxpbmcgcmVkIG9uIHRoZSBvcmlnaW5hbCB0aWxlcyBvZiB0aGUgaGFsbCAocnViZWRvKSB3b3VsZCBjb3JyZXNwb25kIHRvIHRoZSB1bnBhcnRpdGlvbmVkIHRoaXJkIGZsb29yLiI8L2k+DQoNCi0tDQpIZXJlJ3MgYSBjb3VwbGUgb2YgaW50ZXJpb3Igc2hvdHMgb2YgdGhlIGdyb3VuZCBmbG9vci4gDQoNCg0KPGNlbnRlcj48aW1nIHNyYz0iaHR0cDovL3d3dy5pbnRlcmNhdGVyaW5nLmN6L3ByaWxvaHkvZ2FsZXJpZS9wcm9zdG9yeS9vYnIvaHZlemRhL0xldG9ocmFkZWtIdmV6ZGFfMDIuanBnIi8+DQoNCg0KPGltZyBzcmM9Imh0dHA6Ly9mdHAuY3plY2h0b3VyaXNtLmNvbS8xMzNwcmVtaWVyL2VuL2NkL3Bob3Rvcy9tZW1vcmllcy8wMDgvNC5qcGciLz48L2NlbnRlcj4NCg0KTW9yZSBkZXRhaWxzIG9uIHRoaXMgdW5pcXVlIGFuZCByZW1hcmthYmxlIHBpZWNlIG9mIGFyY2hpdGVjdHVyZSBjYW4gbWUgZm91bmQgPGEgaHJlZj0iaHR0cDovL3d3dy51bml2ZXJzdXRvcGlhLm5ldC9ub3RlLmFzcD9MPUVOJm5vdGVfaWQ9NTUiPmhlcmU8L2E+Lg=="
"eventtime","2009-07-08 21:57:00"
"current_moodid","56"
"url","http://loretine.livejournal.com/194218.html"
"userid","9161"
"itemid","731"
"event","On Czech TV currently, there's this extraordinarily impressive commercial for Mattoni mineral water. I thought I'd share it, because it is really good.
Warning: features a very sexy Czech top model wearing nothing but a water dress.

<lj-embed id=""2""/>
 
In fact, I think it's rather stunning."
"eventtime","2008-10-14 14:37:00"
"current_moodid","116"
"url","http://loretine.livejournal.com/187178.html"
"userid","9161"
"itemid","730"
"event","<a href=""http://www.tutanchamun-ausstellung.ch/world-premiere-of-tutankhamun-exhibition-in-zurich.html"">Tutankhamun, his tomb and his treasures exhibition</a> opening next week in Brno, yay! I'm planning on a trip over there sometime soon.

Who wants to join?"
"eventtime","2008-10-10 14:41:00"
"current_moodid","41"
"url","http://loretine.livejournal.com/186881.html"
"userid","9161"
"itemid","728"
"event","No surprise there for me :-)

<table width=""400"" border=""0"" cellspacing=""0"" cellpadding=""4""><tr><td>      
                        <span><img style=""margin-left: 5px;"" src=""http://quizfarm.com/quiz_images/results/2490_1217.jpg""></span>
               
         </td></tr><tr><td><a href=""http://quizfarm.com/quizzes/new/undyingrose17/the-rogers-indicator-of-multiple-intelligences""></a></td></tr><tr><td>
            <br>
            <table class=""tblBorderAll"" border=""0"" cellpadding=""0"" cellspacing=""0"" width=""100%"">
               <tbody><tr><td><span id=""text_block"">You Scored as <b>Musical/Rhythmic</b></span><p>You are sensitive to sounds in your environment, enjoy music and prefer listening to music when you study or read. You learn best through melody and music. People like you include singers, conductors, composers, and others who appreciate the various elements of music.<br><br></p>
                  <span id=""graph_block"">
                                      <table border=""0"" cellpadding=""0"" cellspacing=""0"" width=""100%"">
                         <tbody><tr>
  	                         <td width=""150""><font face=""Arial"" size=""1"">Musical/Rhythmic</font></td>
                            <td width=""130"">	
	                           <table bgcolor=""#dddddd"" border=""1"" cellpadding=""0"" cellspacing=""0"" width=""93%""><tbody><tr><td></td></tr></tbody></table>	
                            </td><td align=""center"" width=""40"">93%</td> 
                         </tr>
                     </tbody></table>				  
                                      <table border=""0"" cellpadding=""0"" cellspacing=""0"" width=""100%"">
                         <tbody><tr>
  	                         <td width=""150""><font face=""Arial"" size=""1"">Intrapersonal</font></td>
                            <td width=""130"">	
	                           <table bgcolor=""#dddddd"" border=""1"" cellpadding=""0"" cellspacing=""0"" width=""82%""><tbody><tr><td></td></tr></tbody></table>	
                            </td><td align=""center"" width=""40"">82%</td> 
                         </tr>
                     </tbody></table>				  
                                      <table border=""0"" cellpadding=""0"" cellspacing=""0"" width=""100%"">
                         <tbody><tr>
  	                         <td width=""150""><font face=""Arial"" size=""1"">Verbal/Linguistic</font></td>
                            <td width=""130"">	
	                           <table bgcolor=""#dddddd"" border=""1"" cellpadding=""0"" cellspacing=""0"" width=""79%""><tbody><tr><td></td></tr></tbody></table>	
                            </td><td align=""center"" width=""40"">79%</td> 
                         </tr>
                     </tbody></table>				  
                                      <table border=""0"" cellpadding=""0"" cellspacing=""0"" width=""100%"">
                         <tbody><tr>
  	                         <td width=""150""><font face=""Arial"" size=""1"">Visual/Spatial</font></td>
                            <td width=""130"">	
	                           <table bgcolor=""#dddddd"" border=""1"" cellpadding=""0"" cellspacing=""0"" width=""79%""><tbody><tr><td></td></tr></tbody></table>	
                            </td><td align=""center"" width=""40"">79%</td> 
                         </tr>
                     </tbody></table>				  
                                      <table border=""0"" cellpadding=""0"" cellspacing=""0"" width=""100%"">
                         <tbody><tr>
  	                         <td width=""150""><font face=""Arial"" size=""1"">Bodily/Kinesthetic</font></td>
                            <td width=""130"">	
	                           <table bgcolor=""#dddddd"" border=""1"" cellpadding=""0"" cellspacing=""0"" width=""71%""><tbody><tr><td></td></tr></tbody></table>	
                            </td><td align=""center"" width=""40"">71%</td> 
                         </tr>
                     </tbody></table>				  
                                      <table border=""0"" cellpadding=""0"" cellspacing=""0"" width=""100%"">
                         <tbody><tr>
  	                         <td width=""150""><font face=""Arial"" size=""1"">Logical/Mathematical</font></td>
                            <td width=""130"">	
	                           <table bgcolor=""#dddddd"" border=""1"" cellpadding=""0"" cellspacing=""0"" width=""39%""><tbody><tr><td></td></tr></tbody></table>	
                            </td><td align=""center"" width=""40"">39%</td> 
                         </tr>
                     </tbody></table>				  
                                      <table border=""0"" cellpadding=""0"" cellspacing=""0"" width=""100%"">
                         <tbody><tr>
  	                         <td width=""150""><font face=""Arial"" size=""1"">Interpersonal</font></td>
                            <td width=""130"">	
	                           <table bgcolor=""#dddddd"" border=""1"" cellpadding=""0"" cellspacing=""0"" width=""29%""><tbody><tr><td></td></tr></tbody></table>	
                            </td><td align=""center"" width=""40"">29%</td> 
                         </tr>
                     </tbody></table>				  
                      
               </span>
                  </td>
               </tr>
            </tbody></table>            
         </td></tr></table><img style=""visibility:hidden;width:0px;height:0px;"" border=0 width=0 height=0 src=""http://counters.gigya.com/wildfire/IMP/CXNID=2000002.9NXC/bT*xJmx*PTEyMjMyNzk3MjI2MDkmcHQ9MTIyMzI3OTcyNDQzNyZwPTY5MDgxJmQ9Jm49Jmc9MSZ*PSZvPTE1NzRiMGQ2OWZkNjQ*NTVhMDQxYWI2MjA2NGQzNjE4.gif"" />

I think I haven't mentioned my ambition to learn to play the piano (I can already play the violin well and guitar a bit). I'd be very good at it :-)"
"eventtime","2008-10-06 10:05:00"
"current_moodid","30"
"url","http://loretine.livejournal.com/186449.html"
"userid","9161"
"itemid","726"
"event","That's what I call a smart toy!

http://theneocube.com/"
"eventtime","2008-09-25 17:56:00"
"current_moodid","116"
"url","http://loretine.livejournal.com/185965.html"
"userid","9161"
"itemid","718"
"event","A friend of mine has just pointed me to <a href=""http://www.aiononline.com/us/game_guide/what_is_aion/"">this new MMORPG by NCsoft</a> which should be released sometime in the next few months. 

I think it will definitely be worth getting and checking out :-) Oh, and look at those amazing screenshots! Yay for prettiness!"
"eventtime","2008-09-01 14:18:00"
"current_moodid","116"
"url","http://loretine.livejournal.com/183837.html"
"userid","9161"
"itemid","687"
"event","Hehe, someone took this picture of me at WGT and I didn't even notice they were pointing thier camera at me! :-) 

<img src=""http://yesternight.pl/file.php?type=image&iid=13813""/>

        
<lj-cut text=""and another one with my brother"">
<img src=""http://yesternight.pl/file.php?type=image&iid=13802""/>
</lj-cut>"
"eventtime","2008-05-30 12:43:00"
"current_moodid","44"
"url","http://loretine.livejournal.com/175915.html"
"userid","9161"
"itemid","667"
"event","Mark Reeder's DJ setlist from the party I missed last week below behind the cut. 

<lj-cut text=""Read more"">
the stooges - down on the streets 
then followed with a cover version of persuasion by spooky & billy ray martin
then i know i played these tracks (not in this order):
moby - new dawn fades
john foxx - underpass
ultravox - dislocation
wendy carlos - rocky mountains (from the shining film soundtrack)
human league - circus of death
throbbing gristle - something came over me
the neon judgement - fashion party
visage - fade to grey
souixie & the banshees - red light
section25 - looking from a hilltop
anne clark - sleeper in metropolis
rammstein - los
P1/E - 49 second romance
soft cell - tainted love/where did our love go?
the cure - a forest
daf - der mussolini
laisons dangereuxes - los ninos del parque
depeche mode - shake the disease
depeche mode - get the balance right (12"" mix)
blank & jones - so cold
grace jones - shes lost control
joy division - shes lost control (12"" remix)
indeep - last night a dj saved my life (mirage remix)
videodrome (intro) film soundtrack
new order - bizzare love triangle (extended version)
new order - touched by the hand of god (remix)
new order - blue monday (original version)
new order - true faith (shep pettibone remix)
bernard sumner - miracle cure
joy division - atmosphere (original demo mix)
joy division - isolation
joy division - a means to an end
joy division - transmission
</lj-cut>"
"eventtime","2008-03-15 11:53:00"
"current_moodid","126"
"url","http://loretine.livejournal.com/170985.html"
"userid","9161"
"itemid","663"
"event","The Czech premiere of the Control movie will be held on Tuesday next week at 7 p.m. at the Slavic House here in Prague with Anthony Corbijn present in person!

Moreover, there will be a special party afterwards starting at 9 p.m. dedicated to Joy Division and similar bands!

A Czech flyer in pdf <a href=""http://www.aerofilms.cz/soubory/Control/A1_Control_party_web.pdf"">over here</a>.

So WHO is going with me? <lj user=""acidofil"">, <lj user=""kilmoon""> perhaps? I will try to get a ticket for the premiere on the weekend. 
Oh, and the party should be great!"
"eventtime","2008-03-07 14:37:00"
"current_moodid","41"
"url","http://loretine.livejournal.com/169848.html"
"userid","9161"
"itemid","662"
"event","TGlzdCA3IHNvbmdzIHRoYXQgeW91IGFyZSBpbnRvIHJpZ2h0IG5vdy4gTm8gbWF0dGVyIHdoYXQgdGhlIGdlbnJlLCB3aGV0aGVyIHRoZXkgaGF2ZSB3b3JkcyBvZiBldmVuIGlmIHRoZXkncmUgbm90IGFueSBnb29kIGJ1dCB0aGV5IG11c3QgYmUgc29uZ3MgeW91J3JlIHJlYWxseSBlbmpveWluZyBub3cuIFBvc3QgdGhlc2UgaW5zdHJ1Y3Rpb25zIGluIHlvdSBMSiBhbG9uZyB3aXRoIHlvdXIgNyBzb25ncy4gVGhlbiB0YWcgNyBvdGhlciBwZW9wbGUgdG8gc2VlIHdoYXQgdGhleSdyZSBsaXN0ZW5pbmcgdG8gaW4gYWJzb2x1dGUgcmFuZG9tIG9yZGVyLg0KDQoxLiBHb2xkZnJhcHAg4oCTIFJvYWQgVG8gU29tZXdoZXJlDQoyLiBDb2xvbnkgNSDigJMgR2hvc3RzDQozLiBTcGV0c25heiDigJMgQWxsZWdpYW5jZSANCjQuIEludXJlIOKAkyBOZXZlcmVuZGluZw0KNS4gVGhlIENyeXN0YWwgTWV0aG9kIOKAkyBIaWdoICYgTG93DQo2LiBCbGFxayBBdWRpbyDigJMgU3RpZmYgS2l0dGVucyAoQXNzZW1ibGFnZSAyMyBybXgpDQo3LiBHb2xkZnJhcHAg4oCTIExpdHRsZSBCaXJkDQoNCkknbSBub3QgdGFnZ2luZyBwZW9wbGUgaG93ZXZlci4gV2hvZXZlciB3YW50cyB0byBkbyB0aGlzIGNhbiBkbyBzbyBpbiBhIGNvbW1lbnQgOi0p"
"eventtime","2008-03-06 10:10:00"
"current_moodid","56"
"url","http://loretine.livejournal.com/169569.html"
"userid","9161"
"itemid","644"
"event","Oh I want to see this movie sometime.

<lj-embed id=""1"" />

Has anyone seen it yet?"
"eventtime","2008-01-15 14:07:00"
"current_moodid","56"
"url","http://loretine.livejournal.com/164866.html"
"userid","9161"
"itemid","632"
"event","PGEgaHJlZj0iaHR0cDovL3d3dy5iYXVoYXVzbXVzaWsuY29tLyI+QmF1aGF1czwvYT4gaGF2ZSByZWNvcmRlZCB0aGVpciBmaXJzdCBhbGJ1bSBpbiAyNSB5ZWFycyBhbmQgb24gTWFyY2ggMTB0aCAyMDA4LCB0aGUgYmFuZCB3aWxsIHJlbGVhc2UgdGhlIHJlY29yZCB0aHJvdWdoIHRoZWlyIG5ldyBob21lIGF0IENvb2tpbmcgVmlueWwuPHA+R28gQXdheSBXaGl0ZSB3YXMgcmVjb3JkZWQgaW4ganVzdCAxOCBkYXlzIGF0IFppcmNvbiBTa3llIGluIE9qYWkgd2l0aCBzaW5nZXIgUGV0ZXIgTXVycGh5LCBiYXNzaXN0IERhbmllbCBKLCBndWl0YXJpc3QgRGFuaWVsIEFzaCBhbmQgZHJ1bW1lciBLZXZpbiBIYXNraW5zIHBsYXlpbmcgdG9nZXRoZXIgYXMgYSBiYW5kIGluIG9uZSByb29tLCB0YWtpbmcgZmlyc3QgdGFrZXMgYXMgZmluYWwgY3V0cy4gPC9wPjxwPlNwZWFraW5nIG9mIHRoZSBhbGJ1bSwgQ29va2luZyBWaW55bCBzYXk6ICJUaGUgMTAgc29uZ3Mgb24gR28gQXdheSBXaGl0ZSBjaGFubmVsIHRoZSBraW5kIG9mIG1hZ2ljIHRpbWVsZXNzbmVzcyB5b3UgY291bGQgaW1hZ2luZSBvbiBhIG1pZ2h0eSBiaWxsIHdpdGggSm95IERpdmlzaW9uLCBCb3dpZSwgRGV2bywgVGhlIENyZWF0dXJlcywgQW50b255LCBNeSBCbG9vZHkgVmFsZW50aW5lIGFuZCBLcmFmdHdlcmsg4oCTIHdpdGggT3NjYXIgV2lsZGUgcGxheWluZyBtYXN0ZXIgb2YgY2VyZW1vbmllcy4iPC9wPjxwPlRoZSBsYXN0IEJhdWhhdXMgYWxidW0gd2FzIDE5ODMncyBCdXJuaW5nIEZyb20gVGhlIEluc2lkZS48L3A+"
"eventtime","2007-12-14 15:57:00"
"current_moodid","116"
"url","http://loretine.livejournal.com/161967.html"
"userid","9161"
"itemid","630"
"event","I've just broken a small mirror in my bathroom :-(

Will I have bad luck now?

Ho-hum."
"eventtime","2007-12-11 16:47:00"
"current_moodid","38"
"url","http://loretine.livejournal.com/161445.html"
"userid","9161"
"itemid","610"
"event","Ok, just found out that they do sell <a href=""http://uk.europe.creative.com/products/product.asp?category=213&subcategory=214&product=16999"">this</a> in shops here. 

Will run to have a look at it on the weekend and it is very likely that I will bring it home :-) *all excited*"
"eventtime","2007-10-22 17:29:00"
"current_moodid","41"
"url","http://loretine.livejournal.com/156406.html"
"userid","9161"
"itemid","601"
"event","Oh, is there anyone who likes <a href=""http://www.youtube.com/watch?v=WOt15JsLloU"">this song</a> as very much as me? 
(People living in CR will surely know it from a TV advert). 

I absolutely love it! And the video fits to its atmosphere nicely I think. I have just watched it 3 times in a row.

It was played today at H&M while I was trying on the skirt in the fitting room. And for a moment I was more impressed by the music then the piece of clothing.

Does anyone know this Norwegian band at all? I have to explore <a href=""http://www.royksopp.com/"">their website</a> and might see if I like the whole album ""The Understanding"", although as I read on the net it's not really great..."
"eventtime","2007-10-13 23:05:00"
"current_moodid","101"
"url","http://loretine.livejournal.com/153991.html"
"userid","9161"
"itemid","598"
"event","<lj-cut text=""The perfect couple"">
 
<center><img src=""http://i18.photobucket.com/albums/b114/loretine/Guild%20Wars/loshaanka1.jpg"" /> 


<img src=""http://i18.photobucket.com/albums/b114/loretine/Guild%20Wars/loshaanka2.jpg"" /> 
</center>
</lj-cut>

We just had a nice date in snow-covered mountains, but all pictures of us from up there are private ;-)

Edit: I think I got it now. He might well be Keanu Reeves disguised as Mesmer :-D 
It all makes sense to me then :-)"
"eventtime","2007-10-12 22:50:00"
"current_moodid","101"
"url","http://loretine.livejournal.com/153205.html"
"userid","9161"
"itemid","579"
"event","On Monday night I saw Nine Inch Nails along with my brother and 5000 other people who were screaming and singing throughout the whole show. Unbelievable. Where they all came from I wonder?

Well, I was coming round from the gig all day yesterday. There was so much energy flowing from the stage from the very first minute they started playing, so much power in the music, lots of shoving in the crowd that went absolutely mad... We stood no farther than 10 metres away from the stage and we just had to dance, because everyone around did. 
Trent's performance was totally amazing; you wouldn't say he is doing the same 2-hour show almost every night when the band is on tour at the moment.

I have to say I don't much like most of the stuff they released after ""The Downward Spiral"", I think their latest album is really bad and their music has lost much of its originality and distinctiveness. The first record will always be my most favourite one and I think it is one of the best electro records ever made. Seriously. I still have the videos to ""Head Like A Hole"" and ""Down In It"" recorded on a video tape from MTV somewhere. I'd so much like to hear ""Pretty Hate Machine"" in surround sound sometime. It would sound just fantastic! 

Ah.

<center><lj-cut text=""Pictures, video and the setlist"">
<img src=""http://i18.photobucket.com/albums/b114/loretine/Music/NIN1.jpg""/>


<img src=""http://i18.photobucket.com/albums/b114/loretine/Music/NIN2.jpg""/>


<img src=""http://i.idnes.cz/07/082/maxi/OB1d0afa_6.JPG""/>


<img src=""http://i.idnes.cz/07/082/maxi/OB1d0af9_4.JPG""/>


The Hand That Feeds video from the show (probably the best one from all videos available, the user posted some more though)

http://www.youtube.com/watch?v=Wilo5z7RSuE


<img src=""http://images.imageload.biz/nin0cee8.jpg""/>
</lj-cut></center>

Oh, and Trent said that we were the best fans of the whole tour so far and that the band would come back soon! The Czech fans win! Yay! :-)"
"eventtime","2007-08-15 18:01:00"
"current_moodid","116"
"url","http://loretine.livejournal.com/148231.html"
"userid","9161"
"itemid","577"
"event","<center><lj-cut text=""Warning: contains too much fake blood"">
<img src=""http://www.techno.cz/party/report/rav/2007/0809_skinny_puppy/img00048.jpg""/>


<img src=""http://www.techno.cz/party/report/rav/2007/0809_skinny_puppy/img00062.jpg""/>


<img src=""http://www.techno.cz/party/report/rav/2007/0809_skinny_puppy/img00076.jpg""/>


<img src=""http://www.techno.cz/party/report/rav/2007/0809_skinny_puppy/img00087.jpg""/>


<img src=""http://www.techno.cz/party/report/rav/2007/0809_skinny_puppy/img00129.jpg""/>
</lj-cut></center>"
"eventtime","2007-08-10 16:09:00"
"current_moodid","44"
"url","http://loretine.livejournal.com/147816.html"
"userid","9161"
"itemid","564"
"event","Note to myself:

I dare to claim that the album ""Waiting for the Sirens' Call"" by New Order is even more brilliant than ""Get Ready"".

Amen."
"eventtime","2007-07-19 17:26:00"
"current_moodid","59"
"url","http://loretine.livejournal.com/144414.html"
"userid","9161"
"itemid","541"
"event","I can't help it but I think that this is the nicest picture of Mr. Rock Star from the WGT show I've seen so far.<br /><br /><img alt="""" src=""http://www.claudia-schoene.de/caswgt0122.jpg"" /><br /><br />I really like the jacket btw."
"eventtime","2007-06-11 17:05:00"
"current_moodid","131"
"url","http://loretine.livejournal.com/138660.html"
"userid","9161"
"itemid","537"
"event","I came across some nice pictures from WGT today. Look <a href=""http://yesternight.pl/index.php?action=gallery&amp;gid=99"">here</a>."
"eventtime","2007-06-06 16:56:00"
"current_moodid","88"
"url","http://loretine.livejournal.com/137502.html"
"userid","9161"
"itemid","536"
"event","I remember doing this one before...

<table width=""300"" cellpadding=""2"" cellspacing=""0"" border=""0""><tr><td width=""180""><font face=""arial"" size=""-1""><b>Disorder</b></font></td><td width=""120""><font face=""arial"" size=""-1""><b>Rating</b></font></td></tr><tr><td><font face=""arial"" size=""-1""><a href=""http://www.4degreez.com/disorder/paranoid.html"">Paranoid</a>:</font></td><td><font color=""#cc0033"" face=""arial"" size=""-1"">High</font></td></tr><tr><td><font face=""arial"" size=""-1""><a href=""http://www.4degreez.com/disorder/schizoid.html"">Schizoid</a>:</font></td><td><font color=""#000099"" face=""arial"" size=""-1"">Low</font></td></tr><tr><td><font face=""arial"" size=""-1""><a href=""http://www.4degreez.com/disorder/schizotypal.html"">Schizotypal</a>:</font></td><td><font color=""#990099"" face=""arial"" size=""-1"">Moderate</font></td></tr><tr><td><font face=""arial"" size=""-1""><a href=""http://www.4degreez.com/disorder/antisocial.html"">Antisocial</a>:</font></td><td><font color=""#000099"" face=""arial"" size=""-1"">Low</font></td></tr><tr><td><font face=""arial"" size=""-1""><a href=""http://www.4degreez.com/disorder/borderline.html"">Borderline</a>:</font></td><td><font color=""#000099"" face=""arial"" size=""-1"">Low</font></td></tr><tr><td><font face=""arial"" size=""-1""><a href=""http://www.4degreez.com/disorder/histrionic.html"">Histrionic</a>:</font></td><td><font color=""#990099"" face=""arial"" size=""-1"">Moderate</font></td></tr><tr><td><font face=""arial"" size=""-1""><a href=""http://www.4degreez.com/disorder/narcissistic.html"">Narcissistic</a>:</font></td><td><font color=""#cc0033"" face=""arial"" size=""-1"">High</font></td></tr><tr><td><font face=""arial"" size=""-1""><a href=""http://www.4degreez.com/disorder/avoidant.html"">Avoidant</a>:</font></td><td><font color=""#cc0033"" face=""arial"" size=""-1"">High</font></td></tr><tr><td><font face=""arial"" size=""-1""><a href=""http://www.4degreez.com/disorder/dependent.html"">Dependent</a>:</font></td><td><font color=""#990099"" face=""arial"" size=""-1"">Moderate</font></td></tr><tr><td><font face=""arial"" size=""-1""><a href=""http://www.4degreez.com/disorder/ocd.html"">Obsessive-Compulsive</a>:</font></td><td><font color=""#990099"" face=""arial"" size=""-1"">Moderate</font></td></tr><tr><td colspan=""2"" align=""center""><font color=""#000000"" face=""arial"" size=""-1""><br>-- <a href=""http://www.4degreez.com/misc/personality_disorder_test.mv"">Personality Disorder Test</a> --<br>-- <a href=""http://www.4degreez.com/disorder/index.html"">Personality Disorder Information</a> --</font></td></tr></table><br>"
"eventtime","2007-06-05 20:34:00"
"current_moodid","35"
"url","http://loretine.livejournal.com/137229.html"
"userid","9161"
"itemid","533"
"event","Oh I absolutely love the CD compilation Mr. Paul Dillon gave me. How come there are no such great bands like Bazooka Joe nowadays?<br /><br />Also, I found this:<br /><br /><div align=""center""><img src=""http://www.tonwelt.de/pics/portraits/bazookajoe/bazookajoe3.jpg"" alt="""" /><br /><br /><div align=""left"">The article says that Paul collects bank accounts. Well, that's a good hobby :-)</div></div>"
"eventtime","2007-06-03 22:10:00"
"current_moodid","131"
"url","http://loretine.livejournal.com/136462.html"
"userid","9161"
"itemid","524"
"event","<div align=""center""><img alt="""" src=""http://img512.imageshack.us/img512/4495/25fz6.jpg"" /><br /><div align=""left""><br /><div align=""center"">And of course, the dress!</div></div></div>"
"eventtime","2007-05-11 10:17:00"
"current_moodid","101"
"url","http://loretine.livejournal.com/134396.html"
"userid","9161"
"itemid","522"
"event","On a cold grey rainy day like this I couldn't think of anything better to do then to be exploring a tropical jungle and invoking spirits on Guild Wars. Well, it was nice except for all the yucky spiders attacking from above..."
"eventtime","2007-05-08 19:10:00"
"current_moodid","84"
"url","http://loretine.livejournal.com/133742.html"
"userid","9161"
"itemid","517"
"event","By chance I've just found <a href=""http://www.gamespy.com/articles/621/621814p1.html"">this</a>.<br /><br />And yes, it's so true :-)<br />"
"eventtime","2007-04-25 18:15:00"
"current_moodid","44"
"url","http://loretine.livejournal.com/132446.html"
"userid","9161"
"itemid","493"
"event","Some more surprising facts about my personality...

<lj-cut text=""Read more"">
<table width=350 align=center border=0 cellspacing=0 cellpadding=2><tr><td bgcolor=""#DDDDDD"" align=center><font face=""Georgia, Times New Roman, Times, serif"" style='color:black; font-size: 14pt;'><b>Your Personality is Very Rare (INFP)</b></font></td></tr><tr><td bgcolor=""#EEEEEE""><center><img src=""http://images.blogthings.com/howrareisyourpersonalityquiz/personality.jpg"" height=""100"" width=""100""></center><font color=""#000000"">
Your personality type is dreamy, romantic, elegant, and expressive.

Only about 5% of all people have your personality, including 6% of all women and 4% of all men
You are Introverted, Intuitive, Feeling, and Perceiving.</font></td></tr></table><div align=""center""><a href=""http://www.blogthings.com/howrareisyourpersonalityquiz/"">How Rare Is Your Personality?</a></div>
</lj-cut>"
"eventtime","2007-03-08 15:09:00"
"current_moodid","88"
"url","http://loretine.livejournal.com/126280.html"
"userid","9161"
"itemid","490"
"event","<p><span class=""txt10p""><b>A bit wild</b><br />Weak, transient effect: This morning the quality of time arouses an independent and rebellious spirit in you. You are inclined to do exactly the opposite of what someone suggests and to reject <span class=""txt10p"">whatever others say simply because they said it. <span class=""txt10p"">For the same reasons you are impatient with restraints, duties and responsibilities. There is a great need to be free and to do something very different, maybe even a little bit wild. You have a strong craving for excitement with this influence, and you may act in ways that you would never consider in a more sober mood. This could be either good or bad, of course, depending on how conservative you usually are and how unusual or outrageous the action. For some people this can be a very liberating influence. For others it is a bit too much.</span></span></span></p><p>***<br />Now I'm off to invoke the spirit of independence &amp; rebellion. *grin* Which attribute is that? *ponder*<span class=""txt10p""><span class=""txt10p""><span class=""txt10p""></span></span></span></p>"
"eventtime","2007-03-02 13:51:00"
"current_moodid","36"
"url","http://loretine.livejournal.com/125464.html"
"userid","9161"
"itemid","483"
"event","From Astro.com again&nbsp;<br /><br /><span class=""txt10p"">Valid during many months: At this time you will reach a new understanding of your own being and the world around you. In recent years you have probably been through periods of great doubt, uncertainty and confusion. Although those periods were painful they have contributed to your new view of the world. Now is the time to deepen and take advantage of your new understanding. This is an excellent time for studies that can raise your consciousness, such as yoga, occult metaphysics, spiritualism and mysticism. Now you are able to study these subjects and put them into practice in your everyday life. They will not be purely intellectual or mental activities - you can make them real and useful!</span>"
"eventtime","2007-02-19 11:17:00"
"current_moodid","56"
"url","http://loretine.livejournal.com/123821.html"
"userid","9161"
"itemid","482"
"event","<div style=""text-align: center;""><img src=""http://i18.tinypic.com/2im5jyd.jpg"" alt="""" /></div>"
"eventtime","2007-02-14 10:27:00"
"current_moodid","44"
"url","http://loretine.livejournal.com/123525.html"
"userid","9161"
"itemid","481"
"event","From Astro.com<br /><br /><strong>Soft lights</strong><br /><span class=""txt10p"">This influence stimulates your romantic imagination to a considerable degree, making you somewhat unrealistic in your dealings with loved ones. Usually this is not serious; this day may bring pleasant times of soft lights and romantic reveries. <span class=""txt10p"">Daydreaming is also a characteristic of this influence, which is fine unless it interferes with necessity. I<span class=""txt10p"">n fact, this daydreaming tendency can manifest itself as artistic inspiration. I<span class=""txt10p"">f you are an artist, creativity of a high order can result. In relationships you must be most careful. You may expect your loved one to live up to an impossible romantic ideal that no one could or should try to attain. In most cases this influence has a short effect, constituting a passing mood and not a source of real problems.<br /><br /><br /><p align=""center""><img alt="""" src=""http://www.photomediacenter.org/images/tyranny.jpg"" /></p></span></span></span></span>"
"eventtime","2007-02-13 11:13:00"
"current_moodid","101"
"url","http://loretine.livejournal.com/123315.html"
"userid","9161"
"itemid","473"
"event","<center>
<lj-cut text=""My weekend in pictures"">
<img src=""http://i18.photobucket.com/albums/b114/loretine/simpleminds.jpg""/>


<img src=""http://i18.photobucket.com/albums/b114/loretine/xunlai.jpg""/>


<img src=""http://i18.photobucket.com/albums/b114/loretine/shoppingmall.jpg""/>


<img src=""http://i18.photobucket.com/albums/b114/loretine/almondswine.jpg""/>


<img src=""http://ec3.images-amazon.com/images/P/B0001JXOOE.01._SS500_SCLZZZZZZZ_V1077716235_.jpg""/>


<img src=""http://ec2.images-amazon.com/images/P/B00009P1MS.01._SS500_SCLZZZZZZZ_V1115746782_.jpg""/>

***
<img src=""http://i18.photobucket.com/albums/b114/loretine/dead-1.jpg""/>


<img src=""http://www.horus.cz/himgs/thoth.GIF""/>


http://www.debenhams.com/webapp/wcs/stores/servlet/ProductDisplay?langId=-1&storeId=10001&catalogId=10001&productId=296581


<img src=""http://i18.photobucket.com/albums/b114/loretine/chocomagic.jpg""/>


<img src=""http://i18.photobucket.com/albums/b114/loretine/dead2.jpg""/>


<img src=""http://ec2.images-amazon.com/images/P/B000000OPO.01._SS500_SCLZZZZZZZ_V1115664106_.jpg""/>
</lj-cut>
</center>"
"eventtime","2007-01-08 10:03:00"
"current_moodid","57"
"url","http://loretine.livejournal.com/121257.html"
"userid","9161"
"itemid","465"
"event","I was made even happier today when I saw a beautiful Chinese-style dress at Orsay. I always wanted one, but wasn't lucky to find any really pretty. Well, until today when I bought <a href=""http://i18.photobucket.com/albums/b114/loretine/chinesedress.jpg"">this one</a>! <br />It looks more beautiful in real and when put on of course. And it literally <i>glows</i>.<br /><br />I think <div class=""ljuser""><a href=""http://sepheri.livejournal.com/profile""><img width=""17"" height=""17"" style=""border: 0pt none ; vertical-align: bottom;"" alt=""[info]"" src=""http://stat.livejournal.com/img/userinfo.gif"" /></a><a href=""http://sepheri.livejournal.com/""><b>sepheri</b></a></div> would love it too, unless she has a similar one already. It might be the right shade of red ;-)"
"eventtime","2006-12-08 19:35:00"
"current_moodid","15"
"url","http://loretine.livejournal.com/119124.html"
"userid","9161"
"itemid","464"
"event","It always makes me happy when I find something extraordinary pretty in shops in this city, because usually it costs lots of effort and patience (and of course I don't get satisfied with what most people like ;-) This morning I came across beautiful plates and bought 2 for myself and 2 for my mom. See it <a href=""http://i18.photobucket.com/albums/b114/loretine/plate.jpg"">here</a>, or even better in detail <a href=""http://i18.photobucket.com/albums/b114/loretine/platedetail.jpg"">here</a>.  They had the whole set of them along with cups and a pot, but nothing from it looked as beautiful as the plates. If only I could find a pretty cutlery set now...<br /><br />I'm wondering if I will ever be able to prepare a meal that would look even better than the plate itself! Chinaware that is both beautiful and challenging is just wonderful :-)<br /><br />&nbsp;"
"eventtime","2006-12-08 14:40:00"
"current_moodid","109"
"url","http://loretine.livejournal.com/118900.html"
"userid","9161"
"itemid","452"
"event","<lj-cut text=""Now, there is a surprise ;-)"">
<TABLE cellPadding=20 align=center>
<TBODY>
<TR>
<TD align=middle><FONT size=5><B>the Romantic</B></FONT><BR>Thanks for taking the test ! </TD></TR>
<TR>
<TD>you chose BY - your Enneagram type is FOUR. 
<P>
<H2>""I am unique""</H2>
<P>
<P>Romantics have sensitive feelings and are warm and perceptive. </P>
<P>How to Get Along with Me </P>
<UL>
<LI>Give me plenty of compliments. They mean a lot to me. 
<LI>Be a supportive friend or partner. Help me to learn to love and value myself. 
<LI>Respect me for my special gifts of intuition and vision. 
<LI>Though I don't always want to be cheered up when I'm feeling melancholy, I sometimes like to have someone lighten me up a little. 
<LI>Don't tell me I'm too sensitive or that I'm overreacting! </LI></UL>
<P>What I Like About Being a Four </P>
<UL>
<LI>my ability to find meaning in life and to experience feeling at a deep level 
<LI>my ability to establish warm connections with people 
<LI>admiring what is noble, truthful, and beautiful in life 
<LI>my creativity, intuition, and sense of humor 
<LI>being unique and being seen as unique by others 
<LI>having aesthetic sensibilities 
<LI>being able to easily pick up the feelings of people around me </LI></UL>
<P>What's Hard About Being a Four </P>
<UL>
<LI>experiencing dark moods of emptiness and despair 
<LI>feelings of self-hatred and shame; believing I don't deserve to be loved 
<LI>feeling guilty when I disappoint people 
<LI>feeling hurt or attacked when someone misundertands me 
<LI>expecting too much from myself and life 
<LI>fearing being abandoned 
<LI>obsessing over resentments 
<LI>longing for what I don't have </LI></UL>
<P>Fours as Children Often </P>
<UL>
<LI>have active imaginations: play creatively alone or organize playmates in original game s 
<LI>are very sensitive 
<LI>feel that they don't fit in 
<LI>believe they are missing something that other people have 
<LI>attach themselves to idealized teachers, heroes, artists, etc. 
<LI>become antiauthoritarian or rebellious when criticized or not understood 
<LI>feel lonely or abandoned (perhaps as a result of a death or their parents' divorce) </LI></UL>
<P>Fours as Parents </P>
<UL>
<LI>help their children become who they really are 
<LI>support their children's creativity and originality 
<LI>are good at helping their children get in touch with their feelings 
<LI>are sometimes overly critical or overly protective 
<LI>are usually very good with children if not too self-absorbed </LI></UL>
<P><SMALL>Renee Baron & Elizabeth Wagele 
<P>The Enneagram Made Easy <BR>Discover the 9 Types of People <BR>Harper<A href=""http://henrygrey.eu/""> </A>SanFrancisco, 1994, 161 pages 
<DIV></DIV></SMALL>
<P><BR>You liked the test? so please don't forget to <B>RATE</B> it...<BR>but remember! it had only <B>two</B> questions!!! ;-)
<P>you wanna know MORE?<BR>so check out, what <A href=""http://en.wikipedia.org/wiki/Four_(Enneagram)"" target=_new>Wikipedia</A> says about your type...<BR><BR>...even more you'll find in <A href=""http://www.google.com/search?hl=gb&q=Enneagram+Four&btnG=Google-Suche&meta="" target=_new>Google</A>
<P>or do you prefer to<BR>
<TABLE style=""MARGIN-LEFT: 20px"" cellSpacing=0 cellPadding=0 border=0>
<TBODY>
<TR>
<TD colSpan=2><FONT class=usertext><SPAN class=small><A href=""http://www.okcupid.com/comments?mode=edit&id=9872769248634057572"" target=_new><IMG src=""http://is2.okcupid.com/graphics/submit_button_addacomment.gif"" border=0></A><BR></SPAN></FONT></TD></TR></TBODY></TABLE><BR>
<HR align=left width=400 color=#aaeeaa SIZE=2>
<BR><BR>You are not completely happy with the result?!<BR>You chose BY
<P>Would you rather have chosen: 
<LI><A href=""http://www.okcupid.com/tests/describescore?testid=6711512663497470889&category=15"" target=_new>AY </A>(EIGHT) 
<LI><A href=""http://www.okcupid.com/tests/describescore?testid=6711512663497470889&category=7"" target=_new>CY </A>(SIX) 
<LI><A href=""http://www.okcupid.com/tests/describescore?testid=6711512663497470889&category=10"" target=_new>BX </A>(NINE) 
<LI><A href=""http://www.okcupid.com/tests/describescore?testid=6711512663497470889&category=9"" target=_new>BZ </A>(FIVE) </LI></TD></TR>
<TR>
<TD align=middle><IMG src=""http://is3.okcupid.com/users/986/276/9872769248634057572/mt1117662069.jpg""> </TD></TR></TBODY></TABLE><BR><BR><BR>
<TABLE cellPadding=20>
<TBODY>
<TR>
<TD><SPAN id=comparisonarea>My test tracked 2 variables How you compared to other people <I>your age and gender</I>:
<BLOCKQUOTE>
<TABLE cellSpacing=4 cellPadding=0 border=0>
<TBODY>
<TR>
<TD vAlign=center>
<TABLE cellSpacing=1 cellPadding=0 bgColor=black border=0>
<TBODY>
<TR>
<TD width=149 bgColor=#b2cfff height=20><A href=""http://www.okcupid.com/""><IMG alt=""free online dating"" src=""http://is3.okcupid.com/graphics/0.gif"" border=0></A></TD>
<TD width=1 bgColor=white><A href=""http://www.okcupid.com/""><IMG alt=""free online dating"" src=""http://is3.okcupid.com/graphics/0.gif"" border=0></A></TD></TR></TBODY></TABLE></TD>
<TD vAlign=center>You scored higher than <B>99%</B> on <B>ABC</B></TD></TR>
<TR>
<TD vAlign=center>
<TABLE cellSpacing=1 cellPadding=0 bgColor=black border=0>
<TBODY>
<TR>
<TD width=149 bgColor=#b2cfff height=20><A href=""http://www.okcupid.com/""><IMG alt=""free online dating"" src=""http://is3.okcupid.com/graphics/0.gif"" border=0></A></TD>
<TD width=1 bgColor=white><A href=""http://www.okcupid.com/""><IMG alt=""free online dating"" src=""http://is3.okcupid.com/graphics/0.gif"" border=0></A></TD></TR></TBODY></TABLE></TD>
<TD vAlign=center>You scored higher than <B>99%</B> on <B>XYZ</B></TD></TR></TBODY></TABLE></BLOCKQUOTE></SPAN></TD></TR></TBODY></TABLE><table cellpadding=20><tr><td>Link: <a href='http://www.okcupid.com/tests/take?testid=6711512663497470889'>The Quick & Painless ENNEAGRAM Test</a> written by <a href='http://www.okcupid.com/profile?u=felk'>felk</a> on <a  href='http://www.okcupid.com'>OkCupid Free Online Dating</a>, home of the <a href='http://www.okcupid.com/online.dating.persona.test'>The Dating Persona Test</a></td></tr></table>
</lj-cut>"
"eventtime","2006-11-09 11:03:00"
"current_moodid","91"
"url","http://loretine.livejournal.com/115954.html"
"userid","9161"
"itemid","451"
"event","Snow on the roofs outside! Wow."
"eventtime","2006-11-03 08:12:00"
"current_moodid","121"
"url","http://loretine.livejournal.com/115570.html"
"userid","9161"
"itemid","445"
"event","""<strong><a href=""http://www.side-line.com/news.php?id=P18248"">Re-issued Sisters Of Mercy albums to hit streets next week</a></strong>""<br /><br />And why not in surround sound, dear gods?"
"eventtime","2006-10-26 09:50:00"
"current_moodid","56"
"url","http://loretine.livejournal.com/114134.html"
"userid","9161"
"itemid","437"
"event","I am cold.&nbsp;

Want warm arms around me. Now.

Some serious visualization in order."
"eventtime","2006-10-17 11:39:00"
"current_moodid","84"
"url","http://loretine.livejournal.com/112085.html"
"userid","9161"
"itemid","436"
"event","I will be dj-ing again in Brno in two weeks (Sat 28th October) as it seems. All of the people I met in the club last Saturday (but not only them) are welcome to attend the event and demand requests. You know I do have a good taste ;-)

Czech flyer under the cut below.

<lj-cut text=""Meet dj Rose"">
<center><img src=""http://i18.photobucket.com/albums/b114/loretine/GPBIX.jpg""/></center>
</lj-cut>"
"eventtime","2006-10-12 17:11:00"
"current_moodid","99"
"url","http://loretine.livejournal.com/111624.html"
"userid","9161"
"itemid","432"
"event","I'm wondering why those IKEAn screws are so damn difficult to screw into a single piece if IKEAn furniture??? I've just attached the second leg to my new table and my both hands are red and hurt, not mentioning the fact that I can now throw away the two screwdrivers I used for it and will have to buy a new one (or 2 perhaps).&nbsp;

I need an electric screwdriver. Or a man around to do this&nbsp;task for me... :-(&nbsp;&nbsp;"
"eventtime","2006-10-06 11:03:00"
"current_moodid","14"
"url","http://loretine.livejournal.com/110713.html"
"userid","9161"
"itemid","421"
"event","I was wondering why there were policemen on the underground yesterday... There's a concrete threat of a terrorist attack.&nbsp; 

Not really good news when you live 15 minutes walk from the centre and there are 2 possible targets just 10 minutes walk down the road :-( 

The sightseeing plan for today should better be canceled I guess... Hmph.&nbsp;
&nbsp;"
"eventtime","2006-09-24 10:46:00"
"current_moodid","74"
"url","http://loretine.livejournal.com/107859.html"
"userid","9161"
